AA	480.94	1	1115470
AA	473.6	2	1115470
AA	472.5	3	1115470
AA	468.6	4	1115470
AA	466.9	5	1115470
AA	462.6	6	1115470
AA	462.0	7	1115470
AA	461.37	8	1115470
AA	457.5	9	1115470
AA	457.6	10	1115470
AA	464.8	11	1115470
AA	476.55	12	1115470
AS	181.3	1	327324
AS	172.9	2	327324
AS	176.08	3	327324
AS	173.24	4	327324
AS	171.36	5	327324
AS	169.36	6	327324
AS	165.11	7	327324
AS	165.2	8	327324
AS	166.47	9	327324
AS	167.76	10	327324
AS	173.6	11	327324
AS	175.75	12	327324
B6	477.93	1	511720
B6	475.6	2	511720
B6	474.15	3	511720
B6	472.57	4	511720
B6	455.84	5	511720
B6	457.38	6	511720
B6	451.53	7	511720
B6	451.8	8	511720
B6	439.21	9	511720
B6	444.27	10	511720
B6	463.68	11	511720
B6	470.58	12	511720
DL	498.2	1	1609477
DL	494.27	2	1609477
DL	491.25	3	1609477
DL	481.65	4	1609477
DL	472.5	5	1609477
DL	478.41	6	1609477
DL	483.84	7	1609477
DL	482.22	8	1609477
DL	461.82	9	1609477
DL	464.34	10	1609477
DL	465.12	11	1609477
DL	491.4	12	1609477
EV	275.0	1	1472944
EV	271.92	2	1472944
EV	271.76	3	1472944
EV	273.0	4	1472944
EV	273.0	5	1472944
EV	272.62	6	1472944
EV	272.85	7	1472944
EV	271.66	8	1472944
EV	270.6	9	1472944
EV	272.16	10	1472944
EV	275.6	11	1472944
EV	276.66	12	1472944
F9	88.0	1	167632
F9	82.72	2	167632
F9	81.6	3	167632
F9	81.78	4	167632
F9	81.64	5	167632
F9	81.0	6	167632
F9	81.0	7	167632
F9	83.05	8	167632
F9	79.92	9	167632
F9	79.92	10	167632
F9	81.6	11	167632
F9	82.53	12	167632
HA	123.95	1	153319
HA	122.55	2	153319
HA	121.69	3	153319
HA	122.47	4	153319
HA	122.98	5	153319
HA	122.1	6	153319
HA	122.76	7	153319
HA	123.24	8	153319
HA	122.5	9	153319
HA	122.84	10	153319
HA	122.76	11	153319
HA	123.58	12	153319
MQ	274.85	1	855669
MQ	279.45	2	855669
MQ	275.2	3	855669
MQ	269.1	4	855669
MQ	266.0	5	855669
MQ	265.2	6	855669
MQ	266.05	7	855669
MQ	264.0	8	855669
MQ	260.1	9	855669
MQ	258.3	10	855669
MQ	262.65	11	855669
MQ	268.32	12	855669
NK	469.37	1	8730
OO	262.8	1	1279696
OO	254.8	2	1279696
OO	255.6	3	1279696
OO	253.08	4	1279696
OO	252.3	5	1279696
OO	254.19	6	1279696
OO	256.7	7	1279696
OO	256.32	8	1279696
OO	257.6	9	1279696
OO	257.6	10	1279696
OO	261.33	11	1279696
OO	264.0	12	1279696
UA	858.6	1	1034846
UA	843.9	2	1034846
UA	861.56	3	1034846
UA	868.56	4	1034846
UA	862.08	5	1034846
UA	890.43	6	1034846
UA	893.18	7	1034846
UA	886.44	8	1034846
UA	849.15	9	1034846
UA	844.22	10	1034846
UA	850.95	11	1034846
UA	878.85	12	1034846
US	478.8	1	858803
US	468.95	2	858803
US	477.52	3	858803
US	464.82	4	858803
US	467.63	5	858803
US	473.36	6	858803
US	471.68	7	858803
US	469.68	8	858803
US	452.88	9	858803
US	455.0	10	858803
US	466.52	11	858803
US	475.53	12	858803
VX	586.3	1	119158
VX	580.45	2	119158
VX	582.2	3	119158
VX	630.0	4	119158
VX	595.0	5	119158
VX	629.8	6	119158
VX	634.8	7	119158
VX	617.5	8	119158
VX	566.4	9	119158
VX	559.65	10	119158
VX	572.0	11	119158
VX	573.8	12	119158
WN	122.1	1	2395072
WN	116.55	2	2395072
WN	117.3	3	2395072
WN	115.5	4	2395072
WN	115.0	5	2395072
WN	116.0	6	2395072
WN	116.4	7	2395072
WN	114.75	8	2395072
WN	113.25	9	2395072
WN	115.0	10	2395072
WN	120.0	11	2395072
WN	120.0	12	2395072
