AA	529.6	1	1115470
AA	1300.0	2	1115470
AA	857.6	3	1115470
AA	519.0	4	1115470
AA	427.2	5	1115470
AA	822.15	6	1115470
AA	568.8	7	1115470
AA	759.0	8	1115470
AA	401.45	9	1115470
AA	450.0	10	1115470
AA	724.2	11	1115470
AA	309.4	12	1115470
AS	507.7	1	327324
AS	110.67	2	327324
AS	272.075	3	327324
AS	216.075	4	327324
AS	130.87	5	327324
AS	268.32	6	327324
AS	457.2	7	327324
AS	448.5	8	327324
AS	389.18	9	327324
AS	252.9	10	327324
AS	155.455	11	327324
AS	74.31	12	327324
B6	374.55	1	511720
B6	446.59	2	511720
B6	496.09998	3	511720
B6	262.19	4	511720
B6	148.2	5	511720
B6	382.12	6	511720
B6	315.12	7	511720
B6	542.7	8	511720
B6	389.11	9	511720
B6	619.5	10	511720
B6	482.3	11	511720
B6	348.0	12	511720
DL	603.78503	1	1609477
DL	409.84	2	1609477
DL	246.14	3	1609477
DL	404.14	4	1609477
DL	313.505	5	1609477
DL	1070.88	6	1609477
DL	450.0	7	1609477
DL	407.9	8	1609477
DL	515.71	9	1609477
DL	373.5	10	1609477
DL	950.52	11	1609477
DL	1405.06	12	1609477
EV	272.51	1	1472944
EV	296.25	2	1472944
EV	182.4	3	1472944
EV	159.95999	4	1472944
EV	296.8	5	1472944
EV	190.96	6	1472944
EV	268.40002	7	1472944
EV	215.04	8	1472944
EV	172.08	9	1472944
EV	444.03998	10	1472944
EV	227.43	11	1472944
EV	236.965	12	1472944
F9	300.0	1	167632
F9	300.0	2	167632
F9	23.4	3	167632
F9	78.645	4	167632
F9	99.27	5	167632
F9	4.12	6	167632
F9	164.0	7	167632
F9	66.745	8	167632
F9	300.0	9	167632
F9	41.485	10	167632
F9	300.0	11	167632
F9	209.95	12	167632
HA	114.58	1	153319
HA	129.87	2	153319
HA	93.555	3	153319
HA	131.83499	4	153319
HA	104.274994	5	153319
HA	825.6	6	153319
HA	116.62	7	153319
HA	93.98	8	153319
HA	133.14	9	153319
HA	812.2	10	153319
HA	149.94	11	153319
HA	74.56	12	153319
MQ	307.8	1	855669
MQ	421.875	2	855669
MQ	342.6	3	855669
MQ	315.9	4	855669
MQ	538.125	5	855669
MQ	137.5	6	855669
MQ	186.65	7	855669
MQ	378.3	8	855669
MQ	226.525	9	855669
MQ	429.0	10	855669
MQ	322.05	11	855669
MQ	324.3	12	855669
NK	503.45	1	8730
OO	153.725	1	1279696
OO	268.85	2	1279696
OO	257.925	3	1279696
OO	194.885	4	1279696
OO	216.48	5	1279696
OO	275.01	6	1279696
OO	253.8	7	1279696
OO	437.58	8	1279696
OO	283.8	9	1279696
OO	227.04001	10	1279696
OO	207.495	11	1279696
OO	538.78	12	1279696
UA	899.67	1	1034846
UA	1875.3	2	1034846
UA	1426.92	3	1034846
UA	616.26	4	1034846
UA	1026.455	5	1034846
UA	435.55	6	1034846
UA	1520.03	7	1034846
UA	802.56	8	1034846
UA	1207.14	9	1034846
UA	975.26	10	1034846
UA	866.43	11	1034846
UA	565.41	12	1034846
US	250.04	1	858803
US	857.74	2	858803
US	661.5	3	858803
US	754.24	4	858803
US	344.99	5	858803
US	622.545	6	858803
US	707.16	7	858803
US	385.715	8	858803
US	809.94	9	858803
US	308.5	10	858803
US	374.34	11	858803
US	598.29504	12	858803
VX	205.20001	1	119158
VX	746.55	2	119158
VX	1214.1	3	119158
VX	538.75	4	119158
VX	298.8	5	119158
VX	505.7	6	119158
VX	515.125	7	119158
VX	405.8	8	119158
VX	328.0	9	119158
VX	894.82996	10	119158
VX	310.5	11	119158
VX	1103.45	12	119158
WN	236.6	1	2395072
WN	175.95	2	2395072
WN	39.1	3	2395072
WN	56.225	4	2395072
WN	231.0	5	2395072
WN	102.5	6	2395072
WN	103.95	7	2395072
WN	225.075	8	2395072
WN	183.75	9	2395072
WN	218.25	10	2395072
WN	180.4	11	2395072
WN	208.6	12	2395072
