AA	513.6958373073619	1	1115470
AA	505.03516436527633	2	1115470
AA	503.9140977542155	3	1115470
AA	500.7828814643897	4	1115470
AA	499.64500589252486	5	1115470
AA	496.05853980247895	6	1115470
AA	496.25251344629095	7	1115470
AA	495.6279869358684	8	1115470
AA	491.5357691325094	9	1115470
AA	491.13700300753936	10	1115470
AA	498.47959878888685	11	1115470
AA	508.9452366079818	12	1115470
AS	215.9325123980155	1	327324
AS	206.4173496910376	2	327324
AS	207.89552518379523	3	327324
AS	203.3240487340264	4	327324
AS	199.85576867377947	5	327324
AS	198.14683633906105	6	327324
AS	196.459654986523	7	327324
AS	195.39104637416784	8	327324
AS	196.32712838752138	9	327324
AS	199.18692746034205	10	327324
AS	207.39287986423457	11	327324
AS	208.89517114351537	12	327324
B6	512.7123685592401	1	511720
B6	505.4246860812785	2	511720
B6	503.7899559721667	3	511720
B6	505.6445856245565	4	511720
B6	499.3914917568416	5	511720
B6	501.70967282663366	6	511720
B6	495.6741879248826	7	511720
B6	496.62991389247026	8	511720
B6	486.20509796091875	9	511720
B6	489.94528861510884	10	511720
B6	499.1463502893375	11	511720
B6	506.3556517498482	12	511720
DL	589.0090443091499	1	1609477
DL	582.6635580274432	2	1609477
DL	578.1361213910529	3	1609477
DL	570.4682058841984	4	1609477
DL	563.3473701254144	5	1609477
DL	568.8243269195144	6	1609477
DL	574.064454655937	7	1609477
DL	571.2580457269934	8	1609477
DL	551.8772673938346	9	1609477
DL	553.4712649806083	10	1609477
DL	554.2022003119276	11	1609477
DL	580.1084477159069	12	1609477
EV	297.9500953753525	1	1472944
EV	294.8971473113577	2	1472944
EV	294.0837788338023	3	1472944
EV	292.85595391201826	4	1472944
EV	292.5557169175829	5	1472944
EV	291.67585386863334	6	1472944
EV	292.35510959421447	7	1472944
EV	290.3007333499657	8	1472944
EV	289.5936262945148	9	1472944
EV	291.4580225941385	10	1472944
EV	296.5891055983334	11	1472944
EV	298.1950819955273	12	1472944
F9	135.73755734757293	1	167632
F9	136.89754621204813	2	167632
F9	135.26023232407925	3	167632
F9	134.86578027360252	4	167632
F9	136.30187554206427	5	167632
F9	136.35096174320466	6	167632
F9	134.6846883011746	7	167632
F9	136.0532195448461	8	167632
F9	133.39394492854717	9	167632
F9	134.32082097673782	10	167632
F9	134.5096796468991	11	167632
F9	136.27908410299506	12	167632
HA	283.33652787579285	1	153319
HA	276.38721653289025	2	153319
HA	274.08282078912407	3	153319
HA	267.95810884819343	4	153319
HA	273.72037990196094	5	153319
HA	275.56916830592536	6	153319
HA	282.7654117384511	7	153319
HA	282.6595342673228	8	153319
HA	279.2289799149935	9	153319
HA	274.831907354734	10	153319
HA	279.60716840785466	11	153319
HA	285.7306437354337	12	153319
MQ	294.37333142558305	1	855669
MQ	297.5326620889393	2	855669
MQ	293.40985318107477	3	855669
MQ	286.3940632111617	4	855669
MQ	283.63948594012425	5	855669
MQ	282.7806516716968	6	855669
MQ	283.5598675935139	7	855669
MQ	282.3218548025124	8	855669
MQ	280.48131307183615	9	855669
MQ	278.2769776283082	10	855669
MQ	282.1356338253402	11	855669
MQ	287.9211006441344	12	855669
NK	487.5081489117976	1	8730
OO	291.989585529409	1	1279696
OO	283.506487475315	2	1279696
OO	284.4915119771617	3	1279696
OO	281.37500715791515	4	1279696
OO	280.2709202972174	5	1279696
OO	280.9323042905101	6	1279696
OO	283.067574911515	7	1279696
OO	282.5136859588116	8	1279696
OO	283.6133546390933	9	1279696
OO	284.11657758739227	10	1279696
OO	289.84975511024004	11	1279696
OO	292.85465472236723	12	1279696
UA	953.6062923628182	1	1034846
UA	933.158326270903	2	1034846
UA	948.6000291818633	3	1034846
UA	960.9706755785566	4	1034846
UA	959.0428368752599	5	1034846
UA	977.2249760020414	6	1034846
UA	981.0997227563643	7	1034846
UA	972.7206153775337	8	1034846
UA	943.5187284963525	9	1034846
UA	938.145343477008	10	1034846
UA	946.6285562775432	11	1034846
UA	971.2059381158077	12	1034846
US	581.5639513405455	1	858803
US	568.552449960097	2	858803
US	577.3770368124364	3	858803
US	567.1035974406564	4	858803
US	573.9763616912716	5	858803
US	579.888406938704	6	858803
US	578.7700154801003	7	858803
US	575.5207328939049	8	858803
US	555.663848551522	9	858803
US	557.4304971602861	10	858803
US	567.3927015064228	11	858803
US	577.3135058095181	12	858803
VX	644.914535407882	1	119158
VX	635.0623445336026	2	119158
VX	639.1306366666689	3	119158
VX	654.8661095744683	4	119158
VX	640.6407893693006	5	119158
VX	648.7346630164263	6	119158
VX	651.0236573628486	7	119158
VX	640.6943100713701	8	119158
VX	621.305674048594	9	119158
VX	622.4775616580328	10	119158
VX	624.4664083692566	11	119158
VX	628.2874522996594	12	119158
WN	145.04285949790906	1	2395072
WN	138.69999760244866	2	2395072
WN	139.58989346004927	3	2395072
WN	138.0367058889677	4	2395072
WN	137.25786934207756	5	2395072
WN	139.25999465903587	6	2395072
WN	139.8489018258168	7	2395072
WN	137.41796804542093	8	2395072
WN	135.5192007108653	9	2395072
WN	137.82676850788215	10	2395072
WN	142.04181016015136	11	2395072
WN	142.19297440948642	12	2395072
